0
0
0
0
0
0
0
0
0
0
0
0
0
0
0
0
0
0
0
1
1
1
1
1
1
1
1
1
1
1
1
1
1
1
1
1
1
1
1
1
1
1
1
1
1
1
1
0
0
0
0
0
0
0
0
0
0
0
0
0
1
1
1
1
1
1
1
1
1
1
1
1
1
1
1
1
1
1
1
1
1
1
1
1
1
1
1
1
1
1
2
2
2
2
2
2
2
2
3
3
3
3
3
3
3
3
3
3
3
3
3
3
3
3
3
3
3
4
4
4
4
4
4
4
4
4
4
4
4
4
4
5
5
5
5
5
5
5
5
5
5
5
5
5
5
5
5
5
5
5
5
5
5
5
5
5
5
5
6
6
6
6
6
6
6
6
6
6
6
6
6
6
6
6
6
6
6
6
6
6
6
6
6
6
6
6
7
7
7
7
7
7
7
7
7
7
7
7
0
0
0
0
0
0
0
0
0
0
0
0
0
0
0
0
0
0
0
0
0
0
0
0
1
1
1
1
1
1
1
2
2
2
2
2
2
2
2
2
2
2
2
2
2
2
2
2
2
2
2
2
2
2
2
2
2
2
3
3
3
3
3
3
3
3
3
3
4
4
4
4
4
4
4
4
4
4
4
4
4
4
4
4
4
4
4
4
4
4
4
4
4
4
5
5
5
5
5
5
5
5
5
5
5
5
5
5
5
5
0
0
0
0
0
0
0
0
0
0
0
0
0
0
0
0
0
0
0
0
0
0
0
1
1
1
1
1
1
1
1
1
1
1
1
1
1
1
1
1
1
1
1
1
1
1
0
0
0
0
1
1
1
1
1
1
1
1
1
1
2
2
2
2
2
2
3
3
3
3
3
0
0
0
0
1
41
44
31
58
20
45
27
20
43
62
53
19
29
55
58
58
45
41
46
35
61
37
39
46
38
37
62
58
54
19
22
49
36
35
46
52
18
49
20
60
42
40
29
40
55
38
39
62
35
41
50
24
34
31
40
47
18
34
27
57
41
58
31
20
60
45
57
56
28
61
42
57
35
56
30
18
24
17
53
45
26
55
47
61
29
46
38
45
56
20
41
44
35
54
38
59
58
52
51
27
21
35
49
53
51
32
54
33
34
28
59
38
28
34
56
29
24
19
43
61
22
19
28
57
22
22
36
34
0
1
1
1
1
1
1
2
2
3
3
3
4
4
5
5
5
8
8
9
0
0
0
2
2
2
3
3
4
4
5
5
0
1
1
2
2
2
3
3
4
4
5
5
0
0
1
3
3
3
0
2
4
4
5
0
2
3
3
3
4
4
7
7
0
1
1
2
2
2
4
4
4
5
5
5
0
0
0
0
1
1
2
3
4
4
4
5
5
5
0
1
1
1
3
0
0
0
1
1
1
0
1
1
1
3
3
1
1
1
2
2
3
3
4
4
4
5
5
6
0
0
1
1
1
2
0
1
1
2
2
1
0
0
0
1
1
1
2
2
2
0
0
1
1
2
2
3
3
3
0
1
1
2
2
2
3
3
3
0
0
0
0
0
1
0
0
2
2
2
3
3
3
0
0
0
0
0
1
1
4
0
0
0
0
0
2
3
4
4
4
5
5
5
6
7
8
8
9
9
10
10
12
13
13
0
0
0
0
0
0
1
1
3
3
3
0
0
1
2
2
0
0
0
1
0
0
1
1
1
3
3
4
6
6
6
0
0
0
1
1
1
0
0
0
1
0
0
1
2
2
3
3
3
0
0
0
1
1
1
2
2
3
0
0
0
1
1
1
1
2
2
3
3
3
4
4
5
5
6
6
6
7
7
7
1
1
1
3
3
3
0
0
0
0
0
2
2
2
4
4
0
0
0
0
1
1
2
2
5
5
0
1
1
1
0
0
0
1
1
2
2
0
0
0
0
0
1
1
0
0
0
2
2
3
3
4
4
0
0
0
1
2
2
3
4
4
0
1
0
0
0
1
1
1
2
2
3
3
3
4
4
4
5
5
6
7
9
9
1
1
1
2
0
1
2
2
2
3
5
7
7
8
10
60
57
34
25
28
33
59
20
39
31
51
33
40
49
17
18
18
24
22
38
54
52
44
55
27
25
56
28
37
53
34
23
31
33
52
44
47
42
21
23
21
57
25
35
29
50
35
30
61
47
56
36
30
39
52
22
39
58
36
23
30
25
62
23
44
50
32
23
51
25
46
58
40
39
35
52
54
38
48
47
51
25
29
20
18
41
61
40
38
49
38
18
57
40
38
19
22
56
42
60
33
38
57
61
22
57
60
20
38
24
39
40
34
24
39
44
19
31
52
30
48
50
46
36
41
61
43
40
