0
0
0
0
0
0
0
0
0
0
0
0
0
1
1
1
1
1
1
1
1
1
1
1
1
1
1
1
1
1
1
2
2
2
2
3
3
3
3
3
3
3
3
3
3
3
3
3
3
3
3
3
3
3
3
3
3
3
4
5
5
5
5
5
5
5
5
5
5
5
5
5
5
5
5
5
5
5
5
5
5
5
5
5
5
5
5
5
5
5
6
6
6
6
6
6
6
6
6
6
6
0
0
0
0
0
0
0
0
0
0
0
0
0
0
0
0
0
0
0
0
0
1
1
0
0
1
2
24
53
29
48
27
53
38
24
27
41
35
47
42
21
41
61
35
41
61
44
47
28
46
57
29
49
36
58
22
30
61
24
20
25
50
54
17
27
51
18
61
21
36
27
36
44
62
59
49
33
34
61
21
19
27
34
59
61
44
26
24
57
42
40
34
41
54
51
49
46
45
27
55
23
43
27
34
45
39
57
36
40
50
61
52
60
35
23
27
43
51
46
24
22
48
59
33
44
45
47
28
44
54
27
38
31
41
47
32
53
50
60
40
35
32
21
34
17
21
53
17
52
33
46
20
51
51
17
52
40
62
61
36
22
59
41
54
47
23
37
27
39
27
25
40
59
39
21
38
49
49
52
57
20
57
33
43
62
57
37
55
60
52
55
21
58
36
25
56
41
32
34
57
45
20
40
24
51
57
29
43
43
56
48
24
52
33
49
31
24
42
48
36
41
62
38
18
23
54
37
23
29
37
42
42
26
25
58
28
59
21
57
48
47
26
38
29
27
38
29
27
34
46
18
42
23
40
55
41
39
29
57
50
50
32
25
45
41
20
42
38
48
61
25
18
57
60
30
38
34
51
42
30
33
48
40
36
55
36
43
46
30
22
26
42
23
52
61
43
21
25
31
28
56
42
35
28
49
60
37
22
50
41
19
55
20
29
62
52
22
31
24
32
41
27
50
45
29
51
36
36
60
35
48
20
46
46
49
30
29
41
36
23
45
37
35
33
26
61
45
48
50
58
21
51
58
36
35
47
29
38
24
24
56
40
52
47
41
34
58
39
54
30
59
38
45
22
48
43
30
47
29
18
30
54
20
39
57
33
29
52
51
19
30
51
53
39
23
36
43
40
24
35
41
53
23
58
17
29
33
36
31
27
44
2
0
0
1
1
1
0
1
1
2
2
2
0
0
0
2
2
0
0
1
1
1
3
3
3
4
0
0
0
2
2
0
1
1
2
2
0
1
1
0
0
0
1
2
2
2
1
2
0
0
0
1
3
3
4
4
4
0
0
1
1
2
2
3
3
4
4
5
0
0
1
1
3
3
4
4
7
7
1
2
4
4
0
1
1
2
2
0
0
0
0
0
1
2
3
3
3
4
0
0
0
0
0
1
3
5
5
6
7
7
8
9
10
10
10
0
0
0
0
0
2
2
2
0
1
1
2
3
48
27
36
39
52
18
25
40
41
29
27
18
60
46
25
56
22
61
51
55
30
18
52
43
23
37
19
26
53
42
17
19
56
56
20
36
44
22
37
45
56
19
19
54
38
19
30
38
47
26
25
54
31
27
57
36
54
43
59
43
51
43
61
28
39
59
30
53
23
51
29
56
18
33
20
36
25
52
27
34
53
57
59
49
21
58
20
41
37
59
31
20
50
18
20
62
58
61
41
27
48
29
37
52
18
23
25
56
23
30
45
43
48
62
22
33
48
39
61
37
50
48
32
47
45
54
28
59
61
17
57
18
57
27
32
44
28
49
17
17
19
37
36
45
25
18
17
60
62
45
34
46
54
37
32
23
37
19
54
29
28
27
29
22
26
27
33
39
38
54
57
29
62
23
24
19
25
56
45
24
26
58
52
37
18
41
40
22
27
58
62
40
47
52
39
19
40
61
20
46
25
28
54
18
28
31
37
49
59
54
49
27
34
20
42
35
53
22
42
20
39
51
40
25
52
39
20
57
17
57
41
31
48
21
49
42
23
41
53
25
27
47
30
42
28
48
28
55
53
41
19
25
33
28
51
20
47
40
42
35
37
38
36
35
57
42
25
27
41
57
54
27
47
58
42
37
17
28
59
62
38
45
48
42
43
39
25
54
45
52
30
51
22
61
34
26
37
62
51
62
57
48
52
33
35
27
39
23
42
24
44
60
37
42
52
39
55
34
53
56
47
46
29
47
36
38
35
60
24
36
28
49
40
24
34
34
35
25
42
62
43
53
45
18
17
25
47
35
22
32
17
19
55
48
32
53
39
17
56
19
61
38
51
18
54
43
29
38
25
35
45
32
54
39
55
53
54
29
43
51
36
46
17
27
